muestra,t,M 5A,DUT 30A,
2,555,81.346,123.812,
3,1078,80.328,123.890,
4,1602,76.149,125.210,
5,2125,80.122,127.318,
6,2649,79.810,125.955,
7,3173,83.830,124.977,
8,3697,76.381,126.040,
9,4220,78.249,125.628,
10,4742,80.939,126.885,
11,5266,79.155,129.120,
12,5790,81.570,131.051,
13,6313,79.444,128.053,
14,6836,76.339,127.343,
15,7359,80.235,126.143,
16,7883,76.304,128.784,
17,8406,77.349,128.482,
18,8928,76.866,125.396,
19,9454,85.920,123.757,
20,9976,79.011,124.177,
21,10502,79.102,122.392,
22,11025,77.946,123.235,
23,11549,77.177,127.318,
24,12072,80.627,125.034,
muestra,t,M 5A,DUT 30A,
2,526,82.256,124.568,
3,1049,79.289,125.731,
4,1571,76.822,126.297,
5,2096,80.524,125.493,
6,2619,76.985,124.983,
7,3142,79.893,125.860,
8,3665,81.767,127.216,
9,4188,77.921,128.078,
10,4712,82.111,127.165,
11,5234,77.655,124.983,
12,5757,78.883,126.961,
13,6282,77.450,129.419,
14,6805,80.012,129.735,
15,7328,77.855,123.314,
16,7852,78.839,127.762,
17,8379,75.964,125.680,
18,8901,83.810,125.034,
19,9424,76.669,126.425,
20,9948,82.533,122.261,
21,10472,77.167,124.438,
22,10995,81.754,129.436,
23,11518,84.965,126.885,
24,12043,79.802,123.418,
muestra,t,M 5A,DUT 30A,
2,525,80.665,120.955,
3,1049,83.527,122.657,
4,1572,77.660,124.151,
5,2095,80.149,128.330,
6,2619,79.751,125.442,
7,3143,81.431,128.255,
8,3665,76.864,123.786,
9,4188,81.436,127.850,
10,4712,81.784,124.822,
11,5235,80.650,127.354,
12,5758,79.775,125.086,
13,6283,75.021,126.399,
14,6807,82.633,120.934,
15,7330,78.364,126.408,
16,7853,84.002,125.937,
17,8376,79.067,128.431,
18,8901,81.296,125.750,
19,9424,81.177,126.117,
20,9946,83.383,123.890,
21,10471,81.315,124.719,
22,10995,83.550,121.649,
23,11518,80.728,123.524,
24,12040,80.966,122.154,
muestra,t,M 5A,DUT 30A,
2,527,76.492,123.262,
3,1049,78.537,123.602,
4,1572,78.689,125.448,
5,2096,83.224,124.226,
6,2619,82.521,123.969,
7,3142,83.154,125.190,
8,3665,82.443,127.546,
9,4192,77.677,122.683,
10,4715,78.924,126.220,
11,5238,82.614,122.577,
12,5762,77.962,130.562,
13,6286,74.497,126.936,
14,6809,82.820,125.086,
15,7332,79.953,129.960,
16,7856,82.101,127.129,
17,8380,78.720,126.476,
18,8902,82.516,124.438,
19,9425,81.152,125.060,
20,9949,82.910,123.705,
21,10473,80.134,124.516,
22,10996,72.044,124.229,
23,11518,82.622,123.602,
24,12044,82.509,124.589,
muestra,t,M 5A,DUT 30A,
2,526,78.988,126.824,
3,1050,81.291,122.339,
4,1572,80.279,125.164,
5,2099,80.079,124.693,
6,2622,80.400,124.827,
7,3145,78.556,124.099,
8,3668,80.313,123.235,
9,4191,79.624,126.655,
10,4715,80.766,124.775,
11,5237,81.117,124.594,
12,5760,81.049,125.603,
13,6284,79.391,128.141,
14,6808,80.588,125.060,
15,7331,79.956,124.957,
16,7854,78.547,128.027,
17,8378,80.827,125.034,
18,8901,79.290,125.164,
19,9424,81.331,124.905,
20,9948,80.698,125.416,
21,10472,79.641,123.602,
22,10995,79.942,123.183,
23,11518,80.499,124.308,
24,12042,79.805,124.252,
muestra,t,M 5A,DUT 30A,
2,526,80.928,123.235,
3,1050,78.625,123.498,
4,1572,80.341,125.164,
5,2095,80.743,125.783,
6,2619,77.939,124.330,
7,3143,80.231,125.086,
8,3666,78.942,124.438,
9,4189,80.547,128.255,
10,4714,79.163,126.135,
11,5237,80.619,125.138,
12,5760,80.001,124.957,
13,6284,80.486,126.211,
14,6808,80.763,125.396,
15,7331,80.915,124.386,
16,7854,80.791,124.542,
17,8377,82.009,125.801,
18,8901,79.563,128.230,
19,9424,80.974,124.646,
20,9947,79.949,124.775,
21,10474,78.254,127.585,
22,10997,79.556,123.025,
23,11520,80.117,122.101,
24,12044,79.102,124.018,
muestra,t,M 5A,DUT 30A,
2,525,80.293,124.412,
3,1048,80.027,126.373,
4,1572,79.623,127.459,
5,2096,80.734,125.396,
6,2618,80.606,130.606,
7,3141,81.468,125.731,
8,3665,78.790,126.390,
9,4188,81.373,125.267,
10,4711,79.634,127.470,
11,5233,78.308,126.220,
12,5757,79.033,125.827,
13,6281,79.607,123.942,
14,6804,80.324,127.850,
15,7327,77.175,129.235,
16,7855,79.751,127.383,
17,8377,80.227,125.293,
18,8900,80.029,124.801,
19,9423,79.477,127.190,
20,9947,80.194,121.995,
21,10470,78.251,125.345,
22,10992,80.124,123.812,
23,11516,79.454,125.442,
24,12040,79.104,126.578,
muestra,t,M 5A,DUT 30A,
2,525,80.228,124.827,
3,1049,80.456,122.762,
4,1573,80.023,126.168,
5,2096,79.514,126.680,
6,2618,81.462,124.594,
7,3141,79.772,124.047,
8,3665,78.992,125.525,
9,4187,79.979,126.168,
10,4710,79.875,126.066,
11,5235,80.330,128.367,
12,5760,81.144,128.406,
13,6283,80.010,126.834,
14,6807,78.815,124.278,
15,7331,78.320,125.371,
16,7854,79.324,122.946,
17,8377,79.214,125.293,
18,8901,80.772,128.568,
19,9424,78.780,127.685,
20,9947,78.556,126.476,
21,10470,79.336,123.130,
22,10994,78.083,124.334,
23,11517,78.882,124.698,
24,12040,79.953,121.062,
muestra,t,M 5A,DUT 30A,
2,527,78.077,122.736,
3,1050,80.474,124.412,
4,1573,80.139,124.905,
5,2096,77.932,129.160,
6,2620,80.877,124.848,
7,3144,79.746,127.241,
8,3670,79.451,127.825,
9,4193,79.423,125.706,
10,4718,81.385,123.051,
11,5241,81.217,125.989,
12,5763,79.948,127.380,
13,6287,82.356,123.208,
14,6811,80.297,124.879,
15,7334,79.146,128.305,
16,7857,79.892,126.194,
17,8381,80.538,128.015,
18,8904,78.476,127.074,
19,9427,80.214,127.114,
20,9950,78.022,126.220,
21,10474,80.127,125.210,
22,10998,80.026,123.864,
23,11521,78.603,124.672,
24,12044,79.619,122.154,
muestra,t,M 5A,DUT 30A,
2,525,80.980,124.177,
3,1048,77.871,123.812,
4,1579,78.959,125.937,
5,2101,79.153,125.937,
6,2624,81.352,125.757,
7,3148,76.243,123.992,
8,3672,75.883,126.859,
9,4195,80.063,127.876,
10,4717,79.122,123.524,
11,5243,79.622,123.339,
12,5765,82.731,122.893,
13,6288,79.745,125.860,
14,6813,81.282,130.190,
15,7336,83.392,124.983,
16,7859,81.149,125.112,
17,8382,81.349,125.551,
18,8907,83.779,126.032,
19,9430,77.139,126.271,
20,9953,79.758,127.038,
21,10476,84.520,119.068,
22,11000,77.568,121.067,
23,11524,78.848,121.995,
24,12049,79.154,123.995,
muestra,t,M 5A,DUT 30A,
2,525,81.270,125.783,
3,1049,84.214,124.926,
4,1573,77.928,126.399,
5,2095,74.821,125.112,
6,2619,75.672,123.339,
7,3143,78.214,127.484,
8,3667,82.962,123.681,
9,4189,85.458,120.634,
10,4712,83.810,125.190,
11,5236,91.017,124.174,
12,5760,88.605,124.412,
13,6283,85.072,123.969,
14,6806,88.440,124.672,
15,7331,92.222,124.408,
16,7854,87.878,125.396,
17,8377,83.338,124.464,
18,8901,80.641,123.679,
19,9425,84.794,127.216,
20,9950,80.795,122.735,
21,10473,80.008,122.788,
22,10998,78.045,123.810,
23,11521,80.591,125.474,
24,12044,73.226,123.602,
muestra,t,M 5A,DUT 30A,
2,527,86.829,120.800,
3,1050,83.184,123.733,
4,1572,83.189,127.977,
5,2096,85.139,125.853,
6,2620,84.727,124.905,
7,3144,83.136,124.096,
8,3668,87.083,124.512,
9,4192,76.498,125.003,
10,4716,79.523,125.241,
11,5238,85.999,122.498,
12,5761,81.051,126.425,
13,6286,79.246,125.390,
14,6809,80.625,124.438,
15,7332,79.794,124.073,
16,7858,80.890,123.940,
17,8382,80.713,126.014,
18,8905,76.592,127.241,
19,9428,80.953,124.490,
20,9952,79.592,129.169,
21,10476,78.254,124.983,
22,10998,82.511,122.286,
23,11521,87.303,121.410,
24,12046,82.137,124.486,
muestra,t,M 5A,DUT 30A,
2,527,85.474,123.339,
3,1050,78.728,122.814,
4,1573,77.611,124.620,
5,2096,80.381,127.774,
6,2621,90.192,121.413,
7,3144,76.844,126.859,
8,3666,82.101,122.972,
9,4190,87.685,122.472,
10,4714,82.498,126.859,
11,5240,78.169,126.987,
12,5762,86.058,125.164,
13,6286,80.900,124.563,
14,6810,76.439,125.757,
15,7333,81.206,126.143,
16,7856,83.274,126.117,
17,8381,77.328,124.460,
18,8904,80.707,125.371,
19,9426,88.526,122.445,
20,9951,77.581,123.235,
21,10474,75.756,124.334,
22,10997,73.605,124.464,
23,11520,83.471,125.474,
24,12044,81.401,123.992,
muestra,t,M 5A,DUT 30A,
2,525,85.376,124.931,
3,1049,77.291,122.893,
4,1571,71.037,125.834,
5,2094,77.935,122.893,
6,2619,78.522,127.002,
7,3144,80.639,125.164,
8,3666,81.423,124.464,
9,4190,93.216,126.314,
10,4714,84.793,126.936,
11,5237,84.878,122.603,
12,5759,85.641,123.995,
13,6283,83.653,126.798,
14,6807,80.747,126.425,
15,7330,79.585,132.256,
16,7853,83.165,124.412,
17,8376,82.095,122.841,
18,8900,85.010,123.235,
19,9423,84.564,123.602,
20,9945,77.684,126.961,
21,10470,77.481,124.563,
22,10993,77.392,127.495,
23,11516,76.711,128.230,
muestra,t,M 5A,DUT 30A,
2,525,79.850,124.775,
3,1050,78.062,122.999,
4,1575,76.793,125.034,
5,2097,81.798,124.931,
6,2621,83.577,125.596,
7,3145,81.896,130.258,
8,3668,79.467,125.216,
9,4190,78.828,124.879,
10,4714,83.133,129.619,
11,5238,83.131,123.760,
12,5761,78.913,127.114,
13,6284,77.569,124.255,
14,6809,85.682,122.076,
15,7331,77.942,124.073,
16,7854,75.429,125.963,
17,8377,76.515,127.825,
18,8902,88.207,122.946,
19,9425,88.633,124.801,
20,9947,81.175,123.051,
21,10471,83.629,122.604,
22,10995,79.000,124.255,
23,11518,82.130,121.835,
24,12043,84.088,123.393,
muestra,t,M 5A,DUT 30A,
2,525,77.585,125.112,
3,1049,79.436,124.486,
4,1573,79.050,124.330,
5,2097,80.723,128.759,
6,2619,77.504,125.371,
7,3142,81.632,124.646,
8,3665,77.360,126.936,
9,4189,77.399,127.368,
10,4712,76.759,126.194,
11,5236,82.193,126.007,
12,5759,82.522,125.603,
13,6282,80.859,127.063,
14,6805,78.624,126.373,
15,7329,81.162,125.416,
16,7853,76.591,126.578,
17,8376,78.893,125.241,
18,8899,83.591,127.926,
19,9423,79.548,125.029,
20,9949,80.227,123.969,
21,10472,82.286,123.183,
22,10996,77.563,125.029,
23,11520,82.609,128.129,
24,12042,82.672,120.661,
muestra,t,M 5A,DUT 30A,
2,527,84.545,125.287,
3,1051,81.488,123.419,
4,1574,77.282,127.419,
5,2096,79.893,125.448,
6,2621,81.086,127.332,
7,3145,78.931,128.078,
8,3667,80.399,126.271,
9,4190,82.057,125.190,
10,4714,80.747,123.103,
11,5238,80.866,122.683,
12,5761,83.429,125.654,
13,6283,84.068,125.448,
14,6809,76.240,126.518,
15,7331,80.823,126.578,
16,7857,85.109,125.345,
17,8381,86.325,122.499,
18,8905,77.429,124.620,
19,9428,86.477,126.014,
20,9951,79.695,121.968,
21,10476,81.137,124.018,
22,10998,83.872,123.025,
23,11521,81.015,119.203,
24,12044,78.295,122.471,
muestra,t,M 5A,DUT 30A,
2,525,84.411,124.983,
3,1050,83.245,126.620,
4,1573,81.447,126.910,
5,2096,81.567,125.241,
6,2619,76.790,126.160,
7,3143,80.817,120.929,
8,3666,86.753,123.760,
9,4189,81.487,125.603,
10,4713,79.961,120.934,
11,5236,83.279,128.280,
12,5761,86.274,126.091,
13,6284,80.652,122.313,
14,6809,79.439,124.252,
15,7332,85.586,126.757,
16,7855,79.312,125.680,
17,8379,76.399,125.442,
18,8902,82.346,124.490,
19,9426,81.694,127.180,
20,9949,78.405,124.749,
21,10473,74.693,126.365,
22,10997,77.975,126.297,
23,11520,83.747,121.116,
24,12043,84.724,121.276,
muestra,t,M 5A,DUT 30A,
2,525,80.051,123.707,
3,1049,86.691,123.757,
4,1573,86.547,124.749,
5,2095,79.425,127.597,
6,2618,78.968,118.413,
7,3145,81.164,124.719,
8,3668,77.924,123.602,
9,4190,81.126,127.774,
10,4714,73.948,125.210,
11,5238,74.090,125.834,
12,5760,80.037,125.216,
13,6283,76.930,126.987,
14,6807,75.275,128.568,
15,7330,77.209,125.860,
16,7853,85.128,123.864,
17,8376,78.034,124.905,
18,8900,87.328,126.722,
19,9424,84.660,125.034,
20,9947,82.949,122.021,
21,10469,80.388,121.036,
22,10993,79.470,122.472,
23,11517,81.199,122.313,
24,12040,88.449,123.340,
muestra,t,M 5A,DUT 30A,
2,525,77.413,125.009,
3,1050,85.274,124.438,
4,1574,81.201,124.125,
5,2097,82.029,126.297,
6,2619,82.196,127.876,
7,3142,86.707,123.262,
8,3667,82.989,124.745,
9,4189,72.845,123.916,
10,4712,83.954,130.283,
11,5236,82.280,127.306,
12,5759,80.706,126.757,
13,6283,89.689,121.546,
14,6806,81.102,127.901,
15,7330,80.277,125.029,
16,7854,86.445,123.472,
17,8376,82.067,125.060,
18,8900,73.454,126.083,
19,9425,82.173,126.416,
20,9948,81.830,122.656,
21,10471,76.907,123.078,
22,10995,82.870,122.288,
23,11521,79.442,121.756,
24,12043,82.736,120.015,
muestra,t,M 5A,DUT 30A,
2,527,79.615,120.318,
3,1050,75.071,123.209,
4,1572,82.938,128.204,
5,2098,79.610,125.955,
6,2620,80.560,125.422,
7,3143,81.194,123.025,
8,3667,83.337,125.673,
9,4191,83.131,126.322,
10,4713,81.232,123.602,
11,5236,80.439,125.603,
12,5760,82.139,125.596,
13,6284,81.159,122.972,
14,6807,76.149,126.885,
15,7329,79.542,124.516,
16,7854,81.297,126.951,
17,8378,83.688,127.622,
18,8900,84.903,127.114,
19,9426,86.735,124.693,
20,9950,79.386,125.190,
21,10473,79.410,126.399,
22,10996,83.073,124.568,
23,11520,78.515,125.210,
24,12045,75.496,122.867,
muestra,t,M 5A,DUT 30A,
2,525,78.359,124.047,
3,1049,88.983,124.174,
4,1573,82.942,126.961,
5,2096,82.992,127.597,
6,2618,80.291,125.603,
7,3143,77.184,127.686,
8,3666,79.464,126.987,
9,4189,78.703,126.450,
10,4712,81.996,124.775,
11,5236,82.981,124.667,
12,5760,81.062,124.749,
13,6282,78.244,124.723,
14,6805,76.265,127.622,
15,7333,80.806,124.278,
16,7855,81.293,123.707,
17,8378,80.677,123.995,
18,8902,83.322,129.469,
19,9426,80.220,124.646,
20,9949,80.030,122.021,
21,10471,83.530,123.812,
22,10996,71.789,122.736,
23,11519,82.807,122.048,
24,12042,86.591,121.729,
muestra,t,M 5A,DUT 30A,
2,526,76.514,125.138,
3,1050,82.916,122.499,
4,1573,84.420,127.394,
5,2097,82.055,122.893,
6,2620,72.817,123.629,
7,3143,85.552,123.707,
8,3666,78.181,126.578,
9,4191,76.431,130.017,
10,4714,77.447,124.931,
11,5240,79.205,126.696,
12,5764,81.050,127.737,
13,6288,82.151,125.603,
14,6811,73.577,124.568,
15,7334,83.332,124.438,
16,7859,83.059,124.174,
17,8382,83.150,124.281,
18,8904,78.165,127.774,
19,9428,81.230,125.416,
20,9952,74.972,122.101,
21,10475,85.560,127.470,
22,10998,81.618,125.216,
23,11522,76.076,123.365,
24,12046,86.715,121.489,
muestra,t,M 5A,DUT 30A,
2,526,77.031,123.208,
3,1050,78.708,121.463,
4,1573,87.156,123.314,
5,2096,79.425,125.216,
6,2623,78.682,123.051,
7,3146,79.541,126.501,
8,3669,85.473,125.886,
9,4193,76.719,124.745,
10,4716,77.160,126.066,
11,5239,77.722,127.343,
12,5762,83.531,122.471,
13,6286,78.197,125.622,
14,6810,77.767,124.723,
15,7333,87.261,126.245,
16,7856,80.315,127.241,
17,8380,78.594,125.261,
18,8903,78.903,127.825,
19,9426,84.412,127.521,
20,9949,80.800,125.034,
21,10473,88.080,119.799,
22,10996,83.638,121.702,
23,11519,79.489,122.551,
24,12043,76.027,122.288,
muestra,t,M 5A,DUT 30A,
2,530,86.213,122.023,
3,1053,87.280,124.125,
4,1577,83.846,126.083,
5,2100,82.321,124.853,
6,2625,78.243,126.594,
7,3148,82.366,124.542,
8,3671,83.022,123.235,
9,4195,86.197,123.130,
10,4719,76.244,123.655,
11,5242,75.450,126.373,
12,5764,81.207,126.194,
13,6288,88.257,124.096,
14,6812,85.910,125.628,
15,7335,75.856,125.937,
16,7858,78.421,126.680,
17,8383,90.278,122.578,
18,8906,75.396,126.987,
19,9429,77.828,124.620,
20,9957,79.841,124.174,
21,10481,76.833,122.233,
22,11007,75.756,123.235,
23,11531,85.204,124.382,
24,12054,87.394,122.788,
muestra,t,M 5A,DUT 30A,
2,525,79.092,125.886,
3,1049,82.474,125.622,
4,1574,83.433,127.838,
5,2097,84.884,125.009,
6,2620,80.256,124.151,
7,3144,83.077,125.981,
8,3668,75.008,124.620,
9,4190,76.200,124.203,
10,4713,86.505,125.989,
11,5237,77.237,127.560,
12,5761,81.447,126.629,
13,6284,82.804,125.422,
14,6807,81.884,122.683,
15,7332,77.521,126.339,
16,7855,85.092,124.386,
17,8377,77.976,122.841,
18,8904,84.623,125.287,
19,9427,83.664,126.014,
20,9950,78.362,126.322,
21,10473,79.874,134.945,
22,10997,73.376,126.926,
23,11521,77.608,123.890,
24,12043,77.663,126.501,
muestra,t,M 5A,DUT 30A,
2,525,83.837,124.021,
3,1049,81.754,125.827,
4,1573,84.392,123.969,
5,2096,80.227,121.649,
6,2618,78.975,127.572,
7,3142,79.540,126.696,
8,3666,80.432,125.474,
9,4188,83.211,126.271,
10,4711,81.502,125.009,
11,5236,76.146,126.032,
12,5759,79.601,123.786,
13,6282,82.356,122.260,
14,6808,80.080,132.647,
15,7332,87.396,124.646,
16,7855,83.823,125.060,
17,8377,80.126,126.014,
18,8902,86.761,126.007,
19,9425,80.024,128.532,
20,9948,74.939,127.876,
21,10471,85.939,121.009,
22,10996,79.828,123.418,
23,11518,85.561,124.931,
muestra,t,M 5A,DUT 30A,
2,526,82.899,125.319,
3,1048,86.449,121.036,
4,1572,81.338,125.622,
5,2096,75.323,125.989,
6,2618,78.909,127.445,
7,3141,85.070,122.207,
8,3666,80.566,128.694,
9,4189,84.315,123.524,
10,4711,78.044,125.474,
11,5238,73.322,125.750,
12,5761,80.284,128.129,
13,6284,75.357,126.885,
14,6807,78.334,126.936,
15,7331,83.240,124.252,
16,7855,81.433,128.002,
17,8378,74.429,124.568,
18,8901,81.846,126.732,
19,9426,78.798,121.626,
20,9949,75.850,123.942,
21,10472,86.102,123.367,
22,10996,78.545,121.838,
23,11520,74.779,127.597,
24,12043,83.267,124.412,
muestra,t,M 5A,DUT 30A,
2,525,75.757,124.203,
3,1048,80.442,122.709,
4,1573,79.855,128.719,
5,2096,79.144,124.360,
6,2618,74.066,124.905,
7,3145,77.469,125.442,
8,3668,79.271,128.078,
9,4191,82.733,127.495,
10,4714,77.932,128.330,
11,5238,72.344,126.109,
12,5762,73.852,123.288,
13,6285,73.869,129.035,
14,6807,84.251,124.282,
15,7331,81.456,127.470,
16,7854,75.194,128.280,
17,8377,83.125,123.235,
18,8901,81.804,120.827,
19,9425,85.465,127.063,
20,9947,83.200,126.450,
21,10470,78.951,124.334,
22,10993,75.817,127.267,
23,11517,84.193,122.788,
24,12040,79.115,125.500,
muestra,t,M 5A,DUT 30A,
2,528,77.790,125.164,
3,1051,79.588,124.438,
4,1575,83.532,127.205,
5,2099,82.191,127.063,
6,2621,77.377,124.853,
7,3144,81.572,125.138,
8,3668,82.173,127.332,
9,4192,83.812,124.775,
10,4715,83.725,122.313,
11,5238,79.036,126.117,
12,5763,75.223,125.955,
13,6285,86.760,121.516,
14,6808,78.917,125.680,
15,7332,74.436,126.747,
16,7857,82.446,126.441,
17,8380,80.668,124.516,
18,8903,76.262,126.629,
19,9427,79.684,125.699,
20,9951,87.422,124.334,
21,10474,82.703,122.260,
22,10999,83.877,122.946,
23,11523,78.866,119.231,
24,12046,74.797,123.235,
muestra,t,M 5A,DUT 30A,
2,527,82.202,127.863,
3,1050,79.809,123.498,
4,1573,82.550,125.112,
5,2096,75.559,129.095,
6,2620,78.112,127.267,
7,3143,83.009,123.890,
8,3666,83.104,126.655,
9,4190,85.866,123.392,
10,4713,81.094,125.164,
11,5236,80.996,126.322,
12,5759,81.849,124.490,
13,6283,82.914,127.762,
14,6807,87.230,128.330,
15,7330,81.156,126.040,
16,7853,82.684,124.594,
17,8378,81.424,123.235,
18,8903,77.525,125.989,
19,9426,80.060,130.109,
20,9950,80.902,125.339,
21,10474,79.863,124.308,
22,10997,79.229,120.688,
23,11519,81.579,123.916,
24,12043,86.966,121.254,
muestra,t,M 5A,DUT 30A,
2,525,79.516,124.151,
3,1047,84.304,121.888,
4,1571,86.678,124.926,
5,2095,78.469,128.179,
6,2618,80.373,126.732,
7,3141,77.979,127.901,
8,3665,81.309,128.844,
9,4188,82.469,124.749,
10,4711,80.072,126.732,
11,5234,84.106,125.345,
12,5758,83.579,124.486,
13,6282,78.934,127.114,
14,6807,84.302,121.809,
15,7331,77.233,125.236,
16,7855,80.839,125.241,
17,8378,77.573,124.047,
18,8900,81.605,128.154,
19,9425,78.637,128.342,
20,9948,81.627,124.594,
21,10471,77.905,127.216,
22,10994,80.826,124.360,
23,11517,84.494,122.577,
24,12041,80.653,125.706,
muestra,t,M 5A,DUT 30A,
2,526,76.206,125.132,
3,1050,84.227,122.893,
4,1573,78.219,125.525,
5,2096,82.346,126.527,
6,2621,82.375,128.090,
7,3144,78.292,128.934,
8,3666,77.961,121.116,
9,4190,83.437,122.867,
10,4717,81.649,122.920,
11,5239,84.338,124.775,
12,5762,74.672,128.129,
13,6286,79.840,124.667,
14,6810,77.130,128.027,
15,7332,88.393,127.216,
16,7855,77.685,127.038,
17,8379,79.632,126.543,
18,8902,73.790,128.431,
19,9425,80.454,127.546,
20,9948,75.196,123.838,
21,10473,83.368,124.512,
22,10996,78.874,121.436,
23,11518,75.773,126.348,
24,12042,78.728,123.339,
muestra,t,M 5A,DUT 30A,
2,527,81.812,121.254,
3,1050,74.942,124.151,
4,1572,79.447,123.130,
5,2096,80.857,126.594,
6,2622,83.205,122.260,
7,3144,83.306,130.059,
8,3667,87.617,121.915,
9,4190,80.978,123.940,
10,4714,82.914,122.867,
11,5237,84.056,126.220,
12,5760,80.697,126.553,
13,6285,81.009,130.661,
14,6807,78.937,123.262,
15,7330,83.462,124.620,
16,7854,82.127,127.535,
17,8378,85.271,122.498,
18,8900,78.343,126.706,
19,9423,81.188,126.553,
20,9947,83.491,123.966,
21,10471,85.384,124.697,
22,10994,76.361,122.551,
23,11517,83.952,123.969,
muestra,t,M 5A,DUT 30A,
2,529,79.911,122.604,
3,1053,80.694,122.920,
4,1575,74.087,125.628,
5,2098,78.840,124.099,
6,2622,82.073,123.783,
7,3146,82.499,125.112,
8,3669,82.872,123.733,
9,4192,83.430,126.732,
10,4717,78.228,126.135,
11,5239,80.246,127.419,
12,5762,77.425,126.476,
13,6287,79.098,124.434,
14,6810,81.127,124.542,
15,7333,79.452,126.527,
16,7857,80.693,125.673,
17,8381,83.777,126.951,
18,8905,78.262,124.438,
19,9428,77.812,129.010,
20,9951,81.101,122.418,
21,10474,80.820,123.025,
22,11001,85.119,122.471,
23,11524,77.965,125.086,
24,12048,78.868,127.103,

