muestra,t,M 5A,DUT 30A,
2,556,78.775,120.768,
3,1080,79.315,121.838,
4,1603,79.936,123.262,
5,2126,80.334,124.255,
6,2648,78.810,122.999,
7,3172,81.285,122.235,
8,3696,79.580,125.319,
9,4218,78.083,123.786,
10,4741,77.766,123.681,
11,5265,79.161,122.499,
12,5789,80.399,125.319,
13,6312,80.791,119.637,
14,6834,80.244,127.216,
15,7358,80.732,124.304,
16,7882,79.014,125.009,
17,8405,79.115,123.681,
18,8928,79.751,121.729,
19,9453,81.498,122.630,
20,9975,78.221,120.875,
21,10501,80.572,121.942,
22,11025,80.363,125.210,
23,11549,78.114,123.733,
24,12071,80.334,124.568,
muestra,t,M 5A,DUT 30A,
2,526,78.395,121.009,
3,1049,81.334,122.946,
4,1572,80.244,122.603,
5,2096,79.982,126.849,
6,2620,79.322,124.568,
7,3143,79.682,122.683,
8,3665,76.927,123.864,
9,4189,79.333,124.356,
10,4713,82.579,123.130,
11,5236,79.217,126.014,
12,5759,79.054,122.577,
13,6284,78.139,124.563,
14,6807,80.559,123.969,
15,7330,80.752,125.422,
16,7854,80.151,123.653,
17,8380,81.250,124.412,
18,8903,78.619,124.957,
19,9426,79.865,123.104,
20,9951,77.622,125.055,
21,10474,79.938,124.334,
22,10997,79.789,123.262,
23,11521,78.112,125.622,
24,12045,79.489,121.676,
muestra,t,M 5A,DUT 30A,
2,527,81.744,123.130,
3,1051,79.897,123.104,
4,1573,78.412,123.786,
5,2096,82.196,123.340,
6,2619,78.057,124.672,
7,3143,81.298,121.383,
8,3666,78.382,124.620,
9,4188,78.821,121.356,
10,4713,79.844,122.235,
11,5236,79.230,123.733,
12,5759,79.361,124.594,
13,6285,78.394,122.762,
14,6809,78.783,123.419,
15,7332,78.218,125.396,
16,7855,78.906,125.112,
17,8379,77.109,124.822,
18,8903,79.548,127.190,
19,9425,79.870,125.886,
20,9948,79.917,125.680,
21,10473,78.282,125.467,
22,10996,78.576,122.788,
23,11519,80.893,120.204,
24,12043,79.010,121.706,
muestra,t,M 5A,DUT 30A,
2,525,78.751,120.123,
3,1049,79.189,119.321,
4,1572,81.145,124.879,
5,2095,78.686,123.864,
6,2618,79.496,124.073,
7,3142,80.699,124.693,
8,3666,77.914,121.516,
9,4191,80.543,123.655,
10,4714,80.405,122.603,
11,5239,78.761,125.955,
12,5762,80.292,125.345,
13,6285,79.173,125.525,
14,6809,81.703,126.441,
15,7333,78.443,124.281,
16,7856,79.089,127.012,
17,8379,80.230,128.027,
18,8903,78.536,123.365,
19,9427,80.599,122.154,
20,9950,79.179,123.104,
21,10473,79.830,120.042,
22,10998,79.756,122.920,
23,11521,79.831,124.464,
24,12044,80.982,121.888,
muestra,t,M 5A,DUT 30A,
2,525,80.479,121.756,
3,1049,82.901,124.278,
4,1574,81.214,123.914,
5,2099,81.490,124.047,
6,2622,78.387,121.782,
7,3147,82.067,124.615,
8,3670,82.644,126.348,
9,4193,81.755,121.809,
10,4717,79.197,126.390,
11,5241,79.676,123.812,
12,5764,79.343,124.151,
13,6287,78.461,121.676,
14,6811,81.266,125.596,
15,7335,82.299,121.702,
16,7858,79.183,123.681,
17,8381,79.128,122.814,
18,8906,80.205,121.626,
19,9429,80.241,122.445,
20,9951,80.322,126.578,
21,10476,80.869,123.444,
22,10999,80.110,123.078,
23,11522,78.559,124.827,
24,12046,82.126,123.496,
muestra,t,M 5A,DUT 30A,
2,527,79.575,121.652,
3,1050,78.159,122.048,
4,1574,78.183,123.783,
5,2098,81.217,123.601,
6,2622,80.781,123.235,
7,3145,79.140,122.313,
8,3672,78.186,124.697,
9,4197,78.342,125.184,
10,4720,79.504,124.620,
11,5242,79.698,125.138,
12,5767,80.060,126.747,
13,6290,80.373,122.920,
14,6813,81.753,123.576,
15,7336,78.312,124.177,
16,7859,80.610,123.890,
17,8383,78.955,128.582,
18,8906,81.258,125.912,
19,9429,81.187,123.707,
20,9953,77.334,121.918,
21,10479,80.074,121.223,
22,11002,83.146,120.042,
23,11527,79.409,122.288,
muestra,t,M 5A,DUT 30A,
2,525,79.711,121.143,
3,1048,77.815,123.419,
4,1571,78.853,124.749,
5,2094,79.538,125.371,
6,2619,80.080,123.705,
7,3141,79.601,121.303,
8,3664,82.474,122.524,
9,4188,82.160,122.314,
10,4712,82.216,123.104,
11,5234,81.353,120.338,
12,5757,81.314,122.021,
13,6281,82.803,122.920,
14,6805,79.357,125.396,
15,7328,79.608,125.474,
16,7850,81.403,122.313,
17,8378,79.563,125.930,
18,8900,80.015,124.099,
19,9423,79.646,123.340,
20,9946,78.492,122.207,
21,10471,80.884,121.334,
22,10994,79.853,121.089,
23,11517,80.108,121.143,
24,12040,80.212,123.966,
muestra,t,M 5A,DUT 30A,
2,525,81.452,122.207,
3,1049,82.639,120.747,
4,1572,82.563,122.471,
5,2095,79.837,122.603,
6,2617,79.134,124.177,
7,3141,81.477,120.747,
8,3665,81.386,121.543,
9,4187,81.081,122.972,
10,4710,79.826,125.086,
11,5234,80.179,126.348,
12,5757,80.728,124.308,
13,6282,82.176,121.942,
14,6806,80.015,124.952,
15,7330,79.875,123.156,
16,7854,82.353,121.679,
17,8377,80.950,124.308,
18,8901,82.684,123.548,
19,9425,79.916,123.262,
20,9948,79.247,123.995,
21,10471,79.991,121.116,
22,10996,82.213,119.888,
23,11519,81.716,120.822,
24,12041,80.344,122.735,
muestra,t,M 5A,DUT 30A,
2,525,79.221,120.365,
3,1047,80.470,122.524,
4,1571,79.530,124.252,
5,2095,80.231,124.749,
6,2618,78.620,124.490,
7,3141,80.335,125.138,
8,3664,80.064,122.101,
9,4190,79.663,123.183,
10,4713,80.609,126.322,
11,5236,78.486,122.972,
12,5761,81.748,122.972,
13,6284,79.740,122.893,
14,6806,81.016,124.021,
15,7330,81.724,124.822,
16,7854,80.639,123.025,
17,8377,77.797,125.474,
18,8900,80.390,121.756,
19,9423,80.475,124.749,
20,9947,79.319,120.955,
21,10470,78.906,123.681,
22,10993,80.019,122.260,
23,11516,78.945,122.233,
24,12040,80.305,121.702,
muestra,t,M 5A,DUT 30A,
2,526,84.651,117.398,
3,1048,82.619,119.529,
4,1572,81.444,125.878,
5,2098,82.679,125.834,
6,2621,82.772,122.999,
7,3144,80.495,123.419,
8,3668,80.401,123.810,
9,4191,81.404,121.169,
10,4714,79.066,125.319,
11,5237,79.446,124.853,
12,5761,80.760,124.408,
13,6285,80.997,124.594,
14,6809,83.756,124.304,
15,7332,82.211,124.282,
16,7857,81.840,120.077,
17,8380,80.145,124.672,
18,8903,79.344,127.724,
19,9427,79.215,123.601,
20,9951,79.550,123.419,
21,10474,78.889,121.356,
22,10997,79.645,122.972,
23,11521,78.110,124.018,
24,12045,79.580,124.646,
muestra,t,M 5A,DUT 30A,
2,526,78.029,121.915,
3,1048,80.257,120.955,
4,1572,77.459,124.900,
5,2096,81.976,119.583,
6,2619,78.860,124.542,
7,3142,82.325,121.330,
8,3666,78.904,124.200,
9,4190,79.538,123.942,
10,4713,81.029,125.577,
11,5235,82.099,123.367,
12,5760,79.853,123.365,
13,6284,79.916,122.127,
14,6807,78.885,122.577,
15,7330,80.806,125.809,
16,7855,77.375,124.848,
17,8378,79.434,124.021,
18,8901,81.019,122.418,
19,9425,79.737,127.863,
20,9949,80.449,119.339,
21,10474,80.959,124.229,
22,10997,80.051,122.656,
23,11521,77.141,123.862,
24,12045,81.914,123.942,
muestra,t,M 5A,DUT 30A,
2,528,79.067,121.121,
3,1051,81.700,121.995,
4,1573,78.206,125.860,
5,2097,80.942,123.575,
6,2621,79.537,125.834,
7,3144,78.934,126.910,
8,3667,78.175,125.860,
9,4190,79.618,125.086,
10,4714,78.543,124.073,
11,5237,80.765,123.235,
12,5759,79.763,124.464,
13,6285,80.458,122.709,
14,6807,78.512,123.183,
15,7330,79.219,124.229,
16,7853,78.058,125.860,
17,8379,79.521,125.009,
18,8902,78.080,132.329,
19,9425,80.774,125.551,
20,9949,78.794,121.838,
21,10473,80.363,121.169,
22,10996,79.572,119.447,
23,11518,82.458,120.123,
24,12042,82.456,118.860,
muestra,t,M 5A,DUT 30A,
2,527,78.757,123.130,
3,1050,77.393,125.448,
4,1572,81.325,125.216,
5,2096,78.750,123.418,
6,2620,80.832,129.085,
7,3142,79.730,124.594,
8,3665,80.190,124.203,
9,4189,79.528,121.759,
10,4713,79.974,123.864,
11,5236,78.022,128.381,
12,5761,79.494,125.448,
13,6285,78.249,126.783,
14,6808,81.683,125.963,
15,7330,79.155,124.905,
16,7854,75.320,126.083,
17,8378,80.192,121.702,
18,8901,80.654,123.340,
19,9424,76.972,125.396,
20,9948,80.530,121.918,
21,10471,77.734,121.089,
22,10994,80.766,121.089,
23,11517,80.734,120.231,
24,12041,77.146,125.081,
muestra,t,M 5A,DUT 30A,
2,526,78.963,121.249,
3,1049,76.428,122.154,
4,1571,80.802,121.463,
5,2095,79.648,120.452,
6,2619,77.982,125.241,
7,3142,77.393,125.086,
8,3668,79.346,125.210,
9,4192,78.311,123.183,
10,4715,81.213,124.775,
11,5237,78.446,124.542,
12,5761,80.821,123.470,
13,6285,79.493,122.471,
14,6808,80.358,124.125,
15,7330,80.196,122.762,
16,7854,79.578,124.382,
17,8378,82.146,119.502,
18,8901,77.810,124.334,
19,9423,75.566,128.733,
20,9946,78.123,125.628,
21,10470,76.781,123.130,
22,10992,80.152,122.762,
23,11515,79.895,123.969,
24,12040,77.814,123.836,
muestra,t,M 5A,DUT 30A,
2,527,79.104,122.788,
3,1050,79.052,119.095,
4,1574,80.843,124.957,
5,2098,79.457,125.853,
6,2623,80.239,124.589,
7,3146,80.191,123.969,
8,3669,80.129,123.314,
9,4194,80.532,123.313,
10,4716,80.495,121.143,
11,5239,78.019,124.723,
12,5763,76.776,124.563,
13,6287,79.633,121.729,
14,6810,77.990,124.931,
15,7333,79.466,126.297,
16,7857,76.297,125.313,
17,8381,78.403,124.749,
18,8904,80.343,123.498,
19,9427,78.134,123.498,
20,9951,78.866,126.543,
21,10475,80.090,122.127,
22,10998,78.878,123.367,
23,11520,80.455,120.338,
24,12046,80.385,124.308,
muestra,t,M 5A,DUT 30A,
2,525,78.704,122.577,
3,1048,78.868,123.575,
4,1572,81.439,123.104,
5,2095,81.603,126.168,
6,2618,80.635,124.827,
7,3142,79.473,124.304,
8,3665,78.544,124.177,
9,4188,81.113,123.890,
10,4711,79.348,127.394,
11,5236,78.989,125.287,
12,5759,80.451,124.438,
13,6281,80.047,126.168,
14,6806,78.268,126.849,
15,7329,79.004,123.864,
16,7852,77.605,125.319,
17,8375,80.388,126.783,
18,8899,80.843,126.237,
19,9423,80.806,122.630,
20,9948,81.923,123.104,
21,10471,79.898,122.445,
22,10996,77.927,122.023,
23,11519,79.811,122.603,
24,12042,78.570,122.127,
muestra,t,M 5A,DUT 30A,
2,527,79.902,125.003,
3,1050,79.840,124.177,
4,1573,78.818,124.697,
5,2096,81.955,123.864,
6,2621,78.863,122.156,
7,3143,78.882,125.937,
8,3667,78.131,121.652,
9,4191,81.800,123.757,
10,4715,81.450,123.051,
11,5238,79.792,127.089,
12,5761,78.043,125.860,
13,6285,79.102,125.827,
14,6808,81.902,122.207,
15,7331,77.505,124.672,
16,7856,81.802,122.920,
17,8381,77.460,124.252,
18,8905,81.828,123.862,
19,9428,79.556,126.168,
20,9952,80.119,126.441,
21,10476,75.320,125.112,
22,10999,80.196,125.886,
23,11522,79.782,124.099,
24,12046,78.867,121.732,
muestra,t,M 5A,DUT 30A,
2,525,79.920,121.463,
3,1051,80.922,120.405,
4,1574,79.487,122.313,
5,2097,79.075,123.707,
6,2621,82.925,124.926,
7,3145,81.103,123.262,
8,3668,78.461,125.603,
9,4190,77.830,124.827,
10,4713,81.652,124.542,
11,5237,79.012,123.104,
12,5762,80.420,122.021,
13,6285,79.689,123.051,
14,6809,81.755,125.313,
15,7333,79.281,123.078,
16,7856,80.047,124.594,
17,8380,78.921,130.041,
18,8904,80.101,124.151,
19,9427,78.708,123.524,
20,9949,78.945,123.864,
21,10473,79.996,119.915,
22,10997,78.136,123.864,
23,11520,80.364,122.154,
24,12043,79.666,119.556,
muestra,t,M 5A,DUT 30A,
2,526,79.307,123.969,
3,1049,82.490,121.995,
4,1571,82.004,122.735,
5,2095,78.114,127.484,
6,2619,79.696,124.646,
7,3144,80.446,123.104,
8,3667,81.309,125.886,
9,4191,78.971,127.332,
10,4715,79.582,122.709,
11,5238,80.298,123.445,
12,5761,79.904,124.438,
13,6286,80.182,124.486,
14,6809,76.983,123.603,
15,7332,79.728,124.125,
16,7856,80.285,124.693,
17,8380,77.421,122.260,
18,8903,79.813,122.841,
19,9426,79.250,123.340,
20,9950,80.100,122.367,
21,10474,79.937,124.464,
22,10996,79.360,126.680,
23,11519,78.414,123.707,
24,12043,79.996,123.810,
muestra,t,M 5A,DUT 30A,
2,526,81.367,124.464,
3,1051,78.731,121.489,
4,1575,77.416,124.044,
5,2098,79.091,124.542,
6,2621,79.020,122.999,
7,3145,78.780,122.129,
8,3669,79.599,128.869,
9,4193,79.680,125.500,
10,4716,83.282,122.392,
11,5238,79.287,125.371,
12,5763,82.504,123.444,
13,6286,80.504,124.073,
14,6809,77.751,122.498,
15,7333,77.989,128.443,
16,7856,77.788,126.322,
17,8379,79.089,124.334,
18,8902,79.809,122.498,
19,9426,80.299,125.210,
20,9950,79.457,125.190,
21,10473,80.228,119.664,
22,10995,80.309,124.749,
23,11523,79.141,119.807,
24,12046,80.146,121.649,
muestra,t,M 5A,DUT 30A,
2,525,80.481,118.604,
3,1048,79.848,120.042,
4,1571,78.884,125.390,
5,2095,79.898,123.603,
6,2618,81.271,123.524,
7,3141,81.394,123.550,
8,3666,78.882,124.874,
9,4188,78.658,123.078,
10,4712,79.893,124.667,
11,5236,78.958,123.470,
12,5760,80.286,124.229,
13,6283,83.529,120.661,
14,6805,80.235,123.235,
15,7329,78.764,127.078,
16,7853,78.780,125.577,
17,8376,79.173,124.308,
18,8899,79.663,122.366,
19,9426,82.667,123.992,
20,9949,78.792,123.183,
21,10472,80.801,119.013,
22,10996,82.942,120.640,
23,11524,82.418,123.183,
24,12047,79.443,121.116,
muestra,t,M 5A,DUT 30A,
2,525,79.602,120.311,
3,1049,78.155,125.878,
4,1573,80.479,125.577,
5,2096,78.452,123.838,
6,2618,77.656,122.946,
7,3142,81.407,122.867,
8,3666,79.803,121.702,
9,4189,80.580,122.074,
10,4711,79.121,124.749,
11,5237,81.434,126.645,
12,5759,80.895,124.879,
13,6282,79.056,125.577,
14,6806,77.887,124.070,
15,7332,80.768,122.946,
16,7855,78.048,125.963,
17,8378,79.611,126.066,
18,8902,78.023,125.442,
19,9426,78.737,125.731,
20,9949,79.062,121.649,
21,10471,80.407,123.629,
22,10997,81.246,124.926,
23,11519,78.813,122.233,
24,12042,78.225,122.207,
muestra,t,M 5A,DUT 30A,
2,525,78.979,123.209,
3,1048,79.620,120.123,
4,1572,78.573,124.434,
5,2095,76.951,122.418,
6,2618,78.924,122.233,
7,3141,78.800,127.190,
8,3664,78.997,125.699,
9,4188,78.340,124.957,
10,4711,78.659,124.931,
11,5237,83.450,121.041,
12,5762,79.708,125.236,
13,6286,79.893,125.339,
14,6810,79.955,124.330,
15,7335,79.110,124.252,
16,7859,78.103,124.719,
17,8382,78.007,123.995,
18,8906,80.225,123.130,
19,9430,80.682,125.577,
20,9953,77.528,124.177,
21,10476,78.664,121.276,
22,11000,79.701,120.693,
23,11524,79.166,122.180,
24,12047,80.406,121.729,
muestra,t,M 5A,DUT 30A,
2,525,78.557,119.961,
3,1050,79.584,123.235,
4,1573,78.462,125.551,
5,2096,78.076,124.801,
6,2622,81.295,129.319,
7,3146,79.447,125.500,
8,3669,78.673,126.757,
9,4191,80.113,123.629,
10,4716,75.970,127.989,
11,5239,79.122,124.073,
12,5762,80.465,123.235,
13,6285,81.096,122.603,
14,6810,80.185,122.182,
15,7333,81.925,121.942,
16,7856,77.173,126.604,
17,8380,80.220,125.287,
18,8904,78.678,125.345,
19,9427,79.500,123.995,
20,9950,83.121,122.762,
21,10474,79.392,123.392,
22,10997,80.139,121.116,
23,11520,80.872,120.473,
24,12043,79.011,121.223,
muestra,t,M 5A,DUT 30A,
2,527,78.068,122.709,
3,1050,79.684,125.034,
4,1575,80.079,124.693,
5,2098,82.564,121.516,
6,2621,77.863,124.177,
7,3144,80.615,123.888,
8,3668,80.349,121.942,
9,4191,78.492,126.476,
10,4714,78.512,125.086,
11,5238,80.300,122.867,
12,5762,79.608,124.386,
13,6285,78.417,126.706,
14,6808,79.483,124.801,
15,7333,79.806,123.103,
16,7855,76.873,124.775,
17,8378,79.724,122.762,
18,8902,79.947,121.493,
19,9426,80.580,121.888,
20,9949,78.198,123.916,
21,10471,78.430,122.630,
22,10998,79.304,124.538,
23,11522,78.298,121.782,
24,12044,78.344,126.459,
muestra,t,M 5A,DUT 30A,
2,526,81.048,121.835,
3,1049,81.041,120.177,
4,1572,76.721,125.034,
5,2096,77.684,123.914,
6,2619,79.925,123.183,
7,3142,79.540,125.551,
8,3666,77.391,125.544,
9,4190,78.012,128.406,
10,4712,80.528,127.419,
11,5235,81.729,123.471,
12,5759,78.736,121.732,
13,6283,78.325,123.419,
14,6805,80.578,121.942,
15,7328,78.646,119.664,
16,7852,80.173,122.050,
17,8377,79.680,122.735,
18,8902,80.902,125.034,
19,9426,80.218,126.467,
20,9949,81.415,124.047,
21,10472,81.017,121.676,
22,10995,81.276,119.745,
23,11519,79.089,121.997,
24,12042,78.242,122.999,
muestra,t,M 5A,DUT 30A,
2,526,82.610,117.632,
3,1049,82.808,120.042,
4,1572,80.918,123.340,
5,2095,78.981,123.471,
6,2618,79.306,129.768,
7,3142,79.499,121.623,
8,3665,82.310,122.048,
9,4188,80.525,122.101,
10,4713,81.545,123.051,
11,5235,79.464,124.255,
12,5758,80.436,124.177,
13,6282,79.232,132.501,
14,6809,78.932,125.086,
15,7331,78.981,124.386,
16,7854,79.568,127.318,
17,8378,78.322,124.330,
18,8902,78.256,125.757,
19,9424,79.994,122.814,
20,9947,79.441,120.795,
21,10472,80.090,121.626,
22,10995,79.584,120.768,
23,11517,78.707,121.303,
muestra,t,M 5A,DUT 30A,
2,525,78.979,124.047,
3,1047,78.833,124.646,
4,1571,77.942,124.589,
5,2095,78.933,123.104,
6,2618,77.218,123.576,
7,3140,79.221,124.464,
8,3664,82.875,125.699,
9,4188,79.298,123.419,
10,4710,79.601,126.527,
11,5237,78.428,129.344,
12,5761,77.177,127.673,
13,6284,78.918,125.060,
14,6806,79.854,125.603,
15,7330,78.476,123.627,
16,7854,79.309,122.339,
17,8377,79.327,124.255,
18,8900,79.355,122.180,
19,9424,76.941,125.261,
20,9948,79.028,122.339,
21,10471,79.892,121.410,
22,10994,79.711,122.286,
23,11519,78.964,123.653,
24,12041,79.935,124.255,
muestra,t,M 5A,DUT 30A,
2,526,79.924,121.838,
3,1050,77.624,122.893,
4,1572,77.385,125.731,
5,2095,79.071,125.138,
6,2619,80.174,129.793,
7,3145,77.879,122.392,
8,3668,78.804,125.860,
9,4192,80.795,125.029,
10,4716,79.302,123.969,
11,5238,79.807,124.775,
12,5761,78.758,123.550,
13,6285,77.960,120.130,
14,6809,79.640,124.801,
15,7332,79.154,125.886,
16,7855,79.473,125.680,
17,8379,78.757,123.731,
18,8903,78.125,123.916,
19,9426,78.067,125.293,
20,9948,81.716,123.314,
21,10474,77.804,121.440,
22,10996,81.908,121.516,
23,11519,77.317,124.672,
24,12043,77.964,121.626,
muestra,t,M 5A,DUT 30A,
2,528,79.127,119.988,
3,1051,79.192,122.709,
4,1574,80.079,124.749,
5,2098,78.422,139.202,
6,2621,79.497,125.706,
7,3144,77.748,125.500,
8,3667,78.212,124.308,
9,4191,79.560,123.522,
10,4715,78.708,124.047,
11,5237,79.667,125.190,
12,5760,79.925,125.886,
13,6284,79.158,123.916,
14,6807,77.427,125.551,
15,7330,80.041,123.890,
16,7854,80.263,123.653,
17,8377,80.453,123.942,
18,8900,79.836,125.706,
19,9423,79.071,123.262,
20,9947,79.702,120.961,
21,10471,80.424,121.915,
22,10996,80.598,120.714,
23,11519,82.107,120.150,
muestra,t,M 5A,DUT 30A,
2,525,80.795,121.915,
3,1048,78.790,123.365,
4,1572,80.275,125.086,
5,2095,80.829,125.319,
6,2618,79.866,121.995,
7,3142,79.226,118.996,
8,3665,81.546,124.438,
9,4188,77.224,126.117,
10,4712,80.649,122.288,
11,5237,79.193,124.822,
12,5760,79.738,125.834,
13,6283,81.367,124.931,
14,6807,78.805,126.135,
15,7330,77.751,126.885,
16,7853,80.995,125.086,
17,8376,79.471,123.104,
18,8900,77.943,124.693,
19,9426,76.524,123.969,
20,9949,78.038,123.629,
21,10473,78.666,122.076,
22,10997,79.568,121.143,
23,11520,78.527,124.879,
24,12043,78.913,124.983,
muestra,t,M 5A,DUT 30A,
2,525,78.386,123.393,
3,1049,79.167,122.472,
4,1572,77.282,125.216,
5,2096,79.360,122.999,
6,2618,80.563,122.841,
7,3142,79.147,124.174,
8,3667,76.990,127.205,
9,4190,80.670,123.498,
10,4713,79.170,124.775,
11,5237,78.054,124.797,
12,5761,78.769,126.732,
13,6284,77.876,127.749,
14,6807,78.166,121.303,
15,7333,81.128,124.382,
16,7857,79.610,122.630,
17,8380,77.570,125.138,
18,8903,79.907,127.038,
19,9428,80.242,123.418,
20,9951,81.964,122.339,
21,10473,77.650,125.009,
22,10998,79.185,121.812,
23,11522,79.257,121.303,
24,12044,78.617,119.718,
muestra,t,M 5A,DUT 30A,
2,525,78.919,122.445,
3,1047,79.567,124.073,
4,1571,81.180,121.732,
5,2095,78.269,126.040,
6,2618,77.999,123.916,
7,3140,77.590,124.177,
8,3664,79.499,123.653,
9,4188,80.156,126.040,
10,4711,79.009,125.937,
11,5236,78.940,126.885,
12,5760,79.900,124.490,
13,6283,80.743,124.125,
14,6805,80.411,127.012,
15,7329,80.789,124.408,
16,7853,77.130,125.886,
17,8376,79.436,122.260,
18,8899,80.385,125.937,
19,9423,78.961,122.920,
20,9946,78.910,121.143,
21,10469,81.320,122.551,
22,10992,81.214,122.233,
23,11515,77.760,121.865,
24,12039,78.515,120.661,
muestra,t,M 5A,DUT 30A,
2,525,78.802,121.009,
3,1049,78.642,121.838,
4,1572,79.841,123.838,
5,2095,78.282,126.859,
6,2618,79.004,127.521,
7,3143,80.198,122.656,
8,3666,80.147,123.104,
9,4189,79.355,127.140,
10,4713,79.504,123.392,
11,5236,77.929,124.203,
12,5760,78.472,124.460,
13,6283,79.633,123.655,
14,6807,78.772,125.132,
15,7331,79.314,127.241,
16,7854,78.243,124.151,
17,8376,77.677,126.271,
18,8901,79.249,125.955,
19,9424,80.424,122.867,
20,9947,78.947,122.366,
21,10470,83.524,122.445,
22,10995,79.002,120.640,
23,11518,79.994,123.235,
24,12041,80.426,122.577,
muestra,t,M 5A,DUT 30A,
2,529,81.326,121.440,
3,1052,80.312,122.788,
4,1575,80.278,126.859,
5,2099,80.020,126.594,
6,2622,77.444,124.672,
7,3145,80.364,126.040,
8,3668,78.834,126.168,
9,4192,79.786,126.620,
10,4716,77.860,124.516,
11,5239,76.572,124.879,
12,5761,77.868,123.157,
13,6286,82.364,121.573,
14,6809,85.265,124.203,
15,7332,75.150,126.987,
16,7856,79.551,123.731,
17,8380,83.777,126.040,
18,8903,78.916,124.568,
19,9426,81.967,127.267,
20,9950,83.060,124.719,
21,10473,78.643,117.673,
22,10999,82.824,117.920,
23,11521,82.839,119.745,
24,12046,82.130,118.697,

