muestra,t,M 5A,DUT 30A,
2,555,76.844,121.036,
3,1078,76.924,120.473,
4,1602,77.789,121.383,
5,2125,80.084,117.425,
6,2647,75.901,122.048,
7,3170,77.124,117.700,
8,3694,75.961,126.220,
9,4216,77.395,120.634,
10,4739,75.422,119.447,
11,5263,80.296,117.412,
12,5787,75.767,122.551,
13,6310,74.563,121.009,
14,6832,76.909,117.149,
15,7357,80.366,119.429,
16,7880,77.512,118.686,
17,8403,78.198,118.057,
18,8927,76.876,120.452,
19,9451,79.906,117.783,
20,9973,78.590,119.610,
21,10500,78.307,116.916,
22,11023,79.219,118.398,
23,11547,82.336,119.907,
muestra,t,M 5A,DUT 30A,
2,525,77.328,118.932,
3,1049,81.598,115.946,
4,1573,74.214,122.313,
5,2096,78.997,117.453,
6,2618,80.806,118.386,
7,3142,76.924,119.726,
8,3666,80.193,120.634,
9,4189,80.464,121.143,
10,4712,77.558,122.709,
11,5237,77.176,118.398,
12,5760,78.539,118.959,
13,6282,76.862,120.822,
14,6806,78.889,122.156,
15,7330,78.793,120.015,
16,7853,76.816,121.089,
17,8376,79.233,122.392,
18,8903,78.948,122.288,
19,9427,79.224,122.207,
20,9949,79.764,117.453,
21,10472,79.132,114.946,
22,10995,76.826,119.393,
23,11519,76.927,117.728,
24,12042,70.760,116.317,
muestra,t,M 5A,DUT 30A,
2,526,79.330,112.755,
3,1051,78.413,115.359,
4,1574,81.462,118.604,
5,2097,77.965,119.122,
6,2622,79.180,121.599,
7,3144,78.280,119.231,
8,3667,79.343,118.904,
9,4191,79.840,117.714,
10,4715,76.855,118.085,
11,5238,74.547,117.177,
12,5760,79.411,119.231,
13,6285,78.054,119.700,
14,6811,80.360,118.331,
15,7334,76.431,119.040,
16,7857,75.615,121.089,
17,8382,80.388,115.219,
18,8905,77.827,123.051,
19,9428,83.432,121.196,
20,9952,81.001,120.720,
21,10475,75.945,117.094,
22,10998,75.446,118.577,
23,11521,78.142,120.822,
24,12044,74.924,119.907,
muestra,t,M 5A,DUT 30A,
2,526,83.648,114.296,
3,1049,78.832,118.768,
4,1571,75.825,121.143,
5,2095,77.706,120.560,
6,2619,78.281,117.618,
7,3142,76.405,117.673,
8,3665,77.230,119.961,
9,4188,74.715,121.201,
10,4715,80.276,119.122,
11,5238,77.119,118.277,
12,5762,80.794,117.440,
13,6285,78.946,118.085,
14,6808,76.338,120.123,
15,7331,77.508,120.634,
16,7855,79.038,119.348,
17,8379,80.893,119.122,
18,8902,77.868,119.447,
19,9425,79.564,118.331,
20,9948,74.313,116.667,
21,10472,78.508,116.456,
22,10995,78.195,115.423,
23,11518,78.174,121.915,
24,12043,80.281,118.534,
muestra,t,M 5A,DUT 30A,
2,525,77.081,115.395,
3,1048,78.148,115.676,
4,1572,73.300,124.122,
5,2095,76.974,120.285,
6,2620,75.006,119.745,
7,3144,81.679,115.778,
8,3668,80.202,119.556,
9,4191,77.298,116.706,
10,4714,80.462,118.112,
11,5238,80.386,121.014,
12,5761,76.914,119.610,
13,6284,77.122,119.853,
14,6807,76.945,117.425,
15,7331,77.433,118.316,
16,7855,79.904,117.948,
17,8378,75.286,119.122,
18,8901,78.405,119.745,
19,9426,77.151,121.041,
20,9948,78.437,119.095,
21,10471,77.938,118.823,
22,10995,79.479,118.289,
23,11519,78.500,118.714,
24,12042,76.942,115.704,
muestra,t,M 5A,DUT 30A,
2,529,79.973,114.155,
3,1051,77.122,116.956,
4,1575,78.927,117.714,
5,2099,82.747,117.342,
6,2621,78.013,119.095,
7,3145,82.015,119.673,
8,3669,76.771,119.565,
9,4193,77.019,115.171,
10,4716,74.835,116.234,
11,5238,75.866,120.982,
12,5763,77.075,118.942,
13,6286,74.987,118.304,
14,6809,80.677,117.480,
15,7333,79.069,118.152,
16,7856,74.816,120.768,
17,8379,77.765,124.853,
18,8902,75.359,121.169,
19,9426,83.235,120.050,
20,9950,76.832,119.799,
21,10472,76.221,117.618,
22,10997,76.229,114.069,
23,11521,80.995,116.418,
24,12045,76.057,118.167,
muestra,t,M 5A,DUT 30A,
2,524,79.931,114.692,
3,1048,80.001,115.415,
4,1572,78.410,116.900,
5,2095,74.867,117.920,
6,2618,77.898,116.001,
7,3143,78.770,116.667,
8,3666,77.344,114.325,
9,4188,78.517,118.495,
10,4711,80.889,118.003,
11,5236,77.004,119.753,
12,5759,77.923,119.556,
13,6281,74.532,121.649,
14,6806,76.492,120.533,
15,7329,73.277,122.709,
16,7852,77.461,119.610,
17,8378,76.131,120.875,
18,8903,78.426,121.759,
19,9426,76.366,120.285,
20,9948,79.609,117.342,
21,10472,76.504,118.969,
22,10996,75.147,119.339,
23,11519,75.134,121.995,
24,12042,75.011,117.508,
muestra,t,M 5A,DUT 30A,
2,527,75.126,116.612,
3,1049,77.748,116.567,
4,1573,75.243,120.961,
5,2097,77.094,116.971,
6,2621,77.675,120.848,
7,3147,78.308,116.456,
8,3670,79.567,125.731,
9,4193,77.182,118.632,
10,4717,79.296,117.480,
11,5240,73.039,121.196,
12,5762,77.601,118.331,
13,6289,74.252,119.880,
14,6812,76.164,119.312,
15,7335,77.190,118.468,
16,7859,77.261,118.316,
17,8382,73.312,120.607,
18,8905,77.414,123.183,
19,9428,73.758,124.047,
20,9952,76.102,116.557,
21,10476,75.334,117.700,
22,10998,74.211,117.714,
23,11521,73.702,117.287,
muestra,t,M 5A,DUT 30A,
2,525,75.178,116.900,
3,1049,78.953,116.307,
4,1573,77.137,120.848,
5,2096,78.083,123.051,
6,2619,76.116,123.602,
7,3142,75.560,119.726,
8,3667,77.004,121.782,
9,4189,78.318,118.686,
10,4716,77.427,122.209,
11,5240,75.631,121.303,
12,5763,79.200,117.783,
13,6286,77.019,121.676,
14,6810,78.685,121.334,
15,7334,76.765,120.204,
16,7856,74.310,121.009,
17,8379,75.934,120.768,
18,8903,75.576,121.201,
19,9427,77.059,120.580,
20,9950,78.718,117.535,
21,10473,79.626,120.365,
22,10998,76.726,117.659,
23,11521,79.864,114.268,
24,12044,76.139,118.222,
muestra,t,M 5A,DUT 30A,
2,525,77.895,119.095,
3,1047,77.006,119.880,
4,1571,75.957,118.833,
5,2095,76.542,120.419,
6,2621,77.885,119.484,
7,3144,74.630,118.550,
8,3669,76.275,118.015,
9,4192,76.942,118.904,
10,4715,80.797,116.484,
11,5239,76.229,122.762,
12,5763,74.941,121.463,
13,6285,76.175,121.009,
14,6808,82.197,118.741,
15,7331,77.121,123.550,
16,7855,79.105,120.311,
17,8378,78.734,118.550,
18,8901,72.746,119.040,
19,9426,75.981,116.944,
20,9949,73.863,117.673,
21,10472,74.779,115.536,
22,10996,76.199,114.939,
23,11520,77.189,114.805,
24,12043,78.118,115.676,
muestra,t,M 5A,DUT 30A,
2,530,77.594,114.263,
3,1053,74.247,117.232,
4,1575,75.979,120.365,
5,2099,74.883,120.399,
6,2623,75.122,117.122,
7,3146,78.511,116.762,
8,3669,73.894,118.085,
9,4192,75.291,115.311,
10,4716,76.468,119.258,
11,5239,77.265,117.315,
12,5762,80.724,116.317,
13,6287,76.360,120.613,
14,6810,75.423,116.845,
15,7333,74.578,119.258,
16,7857,75.520,116.750,
17,8381,76.435,117.645,
18,8903,74.678,118.986,
19,9426,73.673,119.149,
20,9950,73.203,115.862,
21,10474,74.327,117.865,
22,11000,75.379,116.706,
23,11523,77.330,115.759,
24,12048,76.643,109.354,
muestra,t,M 5A,DUT 30A,
2,525,75.431,117.948,
3,1048,80.408,115.871,
4,1572,78.090,120.560,
5,2096,77.072,122.339,
6,2619,77.097,117.893,
7,3142,78.171,117.177,
8,3667,77.716,116.944,
9,4189,76.117,118.986,
10,4712,75.865,114.494,
11,5235,76.786,116.762,
12,5759,73.905,114.861,
13,6282,76.240,116.706,
14,6804,75.208,117.011,
15,7328,77.897,113.980,
16,7851,78.006,114.777,
17,8374,74.682,117.149,
18,8900,76.684,117.011,
19,9425,76.815,114.036,
20,9948,78.262,115.451,
21,10471,73.841,114.013,
22,10995,74.973,114.319,
23,11519,78.128,114.636,
24,12042,77.341,116.429,
muestra,t,M 5A,DUT 30A,
2,526,75.048,115.275,
3,1051,75.900,116.390,
4,1574,74.332,118.057,
5,2098,72.877,120.747,
6,2622,74.734,117.535,
7,3144,77.091,120.902,
8,3667,73.444,117.948,
9,4191,77.158,112.124,
10,4715,73.712,119.149,
11,5237,78.048,116.595,
12,5760,75.583,117.177,
13,6284,76.611,118.507,
14,6810,75.416,120.741,
15,7333,76.850,116.817,
16,7857,76.090,119.834,
17,8381,73.954,118.057,
18,8904,74.290,114.636,
19,9426,76.756,121.383,
20,9950,78.075,114.939,
21,10474,74.798,118.359,
22,10997,76.182,116.206,
23,11520,74.495,113.558,
24,12044,74.893,118.996,
muestra,t,M 5A,DUT 30A,
2,527,78.134,115.667,
3,1050,77.890,115.339,
4,1572,76.427,119.312,
5,2096,76.352,120.399,
6,2620,79.097,117.149,
7,3142,75.020,120.741,
8,3665,75.530,120.392,
9,4192,73.665,122.841,
10,4716,74.458,119.122,
11,5239,76.675,122.814,
12,5761,76.371,121.303,
13,6286,76.169,118.425,
14,6809,75.927,118.904,
15,7332,76.131,121.463,
16,7856,76.606,117.604,
17,8379,78.374,116.401,
18,8902,78.111,120.150,
19,9425,77.720,119.853,
20,9949,77.276,118.561,
21,10472,76.091,118.359,
22,10995,76.758,119.231,
23,11518,75.080,115.676,
24,12042,80.882,113.696,
muestra,t,M 5A,DUT 30A,
2,526,78.313,114.404,
3,1051,76.086,115.695,
4,1573,79.991,118.386,
5,2098,76.960,119.040,
6,2622,76.638,118.996,
7,3146,72.933,122.154,
8,3669,77.163,118.523,
9,4191,77.990,116.983,
10,4715,77.482,119.429,
11,5239,75.312,116.289,
12,5762,76.048,119.529,
13,6285,74.875,116.540,
14,6810,78.745,120.560,
15,7332,76.528,118.331,
16,7855,78.758,119.556,
17,8379,73.628,121.254,
18,8903,76.803,119.149,
19,9425,74.623,121.169,
20,9948,76.881,115.871,
21,10472,77.309,116.279,
22,10996,74.827,118.249,
23,11519,77.939,115.002,
24,12042,83.148,116.567,
muestra,t,M 5A,DUT 30A,
2,525,78.256,115.451,
3,1048,74.436,119.312,
4,1571,75.139,116.224,
5,2095,76.784,120.661,
6,2618,75.009,119.258,
7,3140,78.732,118.741,
8,3664,75.607,120.640,
9,4188,75.875,118.686,
10,4711,79.207,117.975,
11,5233,76.114,119.664,
12,5756,73.547,118.468,
13,6280,76.546,118.495,
14,6803,75.825,118.085,
15,7325,78.688,118.468,
16,7850,76.580,121.652,
17,8373,77.094,119.040,
18,8896,74.954,121.116,
19,9419,77.301,119.691,
20,9943,77.758,118.686,
21,10468,77.436,119.556,
22,10991,76.160,116.928,
23,11514,77.795,121.915,
24,12038,77.524,119.447,
muestra,t,M 5A,DUT 30A,
2,525,78.258,116.706,
3,1048,78.243,115.051,
4,1573,76.682,117.824,
5,2096,76.262,117.204,
6,2619,81.800,117.480,
7,3142,80.997,118.207,
8,3666,77.753,115.227,
9,4189,78.372,118.741,
10,4711,78.529,119.610,
11,5236,76.283,120.130,
12,5759,81.313,114.889,
13,6282,78.027,117.948,
14,6806,78.214,119.159,
15,7329,77.295,117.480,
16,7852,78.027,118.959,
17,8377,78.747,121.383,
18,8901,78.838,117.961,
19,9425,80.404,117.370,
20,9948,77.721,116.540,
21,10470,75.335,117.425,
22,10994,79.757,115.471,
23,11518,77.300,114.974,
24,12041,74.756,116.512,
muestra,t,M 5A,DUT 30A,
2,526,76.055,119.203,
3,1049,75.336,116.484,
4,1572,77.957,117.011,
5,2095,79.836,116.999,
6,2619,76.993,122.048,
7,3143,76.024,118.425,
8,3666,77.445,119.637,
9,4191,75.152,122.446,
10,4713,76.937,117.011,
11,5236,78.988,117.783,
12,5760,76.694,120.506,
13,6286,75.770,116.817,
14,6809,75.997,118.413,
15,7332,74.875,119.745,
16,7856,75.448,119.050,
17,8380,77.653,119.176,
18,8902,75.096,119.637,
19,9425,75.367,118.359,
20,9950,78.028,117.714,
21,10473,75.856,115.927,
22,10995,78.761,115.115,
23,11520,76.106,116.778,
24,12043,73.145,119.556,
muestra,t,M 5A,DUT 30A,
2,525,74.783,117.149,
3,1048,77.195,115.648,
4,1572,74.433,122.788,
5,2095,77.582,118.823,
6,2618,76.793,115.451,
7,3141,77.044,123.314,
8,3668,73.515,117.495,
9,4192,77.410,117.879,
10,4715,75.514,119.853,
11,5239,78.165,119.321,
12,5763,79.234,123.812,
13,6285,75.889,120.204,
14,6808,74.480,120.365,
15,7332,79.229,117.577,
16,7856,76.558,119.745,
17,8379,75.446,117.673,
18,8901,76.068,117.342,
19,9426,73.168,122.182,
20,9949,77.295,118.140,
21,10472,75.157,118.249,
22,10996,73.961,121.652,
23,11520,75.322,118.140,
24,12043,80.379,116.234,
muestra,t,M 5A,DUT 30A,
2,526,78.131,116.944,
3,1051,76.808,114.826,
4,1576,77.344,116.845,
5,2098,75.988,117.508,
6,2622,79.678,115.750,
7,3146,79.767,117.149,
8,3668,77.396,120.258,
9,4192,75.506,118.942,
10,4716,79.894,120.586,
11,5239,79.849,117.204,
12,5762,75.003,118.850,
13,6285,79.807,118.577,
14,6810,78.749,118.015,
15,7333,76.750,115.983,
16,7855,76.649,118.249,
17,8379,75.412,118.234,
18,8903,79.643,119.068,
19,9425,78.548,120.955,
20,9948,76.472,119.312,
21,10472,76.547,118.507,
22,10996,78.457,116.679,
23,11519,74.978,119.664,
24,12044,76.148,115.536,
muestra,t,M 5A,DUT 30A,
2,526,77.305,112.267,
3,1049,79.706,117.618,
4,1572,78.339,118.386,
5,2094,75.511,121.383,
6,2618,76.874,119.240,
7,3141,76.579,122.207,
8,3665,74.856,119.673,
9,4188,79.198,116.845,
10,4713,76.674,119.429,
11,5236,75.114,119.312,
12,5758,79.868,114.579,
13,6282,82.685,118.015,
14,6806,81.267,119.718,
15,7328,75.409,122.260,
16,7851,81.218,119.583,
17,8375,81.437,116.640,
18,8899,78.932,116.734,
19,9421,75.722,121.543,
20,9946,74.147,118.741,
21,10471,76.477,117.192,
22,10994,80.585,116.512,
23,11517,76.039,119.366,
24,12041,75.813,117.659,
muestra,t,M 5A,DUT 30A,
2,527,75.419,117.632,
3,1050,77.954,117.563,
4,1573,75.429,124.047,
5,2097,78.002,116.612,
6,2621,78.781,118.904,
7,3143,77.350,119.285,
8,3666,76.108,119.203,
9,4190,74.457,119.402,
10,4714,74.840,120.015,
11,5237,75.153,122.154,
12,5759,73.918,121.356,
13,6283,78.175,118.070,
14,6807,77.322,116.595,
15,7330,76.428,120.069,
16,7856,77.782,118.942,
17,8380,78.108,117.453,
18,8903,76.160,117.315,
19,9425,78.477,119.095,
20,9949,77.346,117.988,
21,10473,76.734,117.204,
22,10996,72.892,119.258,
23,11519,78.265,122.551,
24,12043,77.870,117.082,
muestra,t,M 5A,DUT 30A,
2,526,78.578,115.508,
3,1049,78.098,115.703,
4,1571,75.617,120.042,
5,2095,78.623,117.192,
6,2619,76.951,118.932,
7,3142,76.595,119.826,
8,3665,75.991,117.673,
9,4188,74.868,117.810,
10,4712,80.548,117.810,
11,5234,78.114,119.393,
12,5761,76.781,119.673,
13,6285,73.823,117.260,
14,6808,74.158,119.556,
15,7331,74.467,119.393,
16,7855,79.919,118.125,
17,8379,82.218,118.222,
18,8902,79.255,123.864,
19,9424,78.770,120.365,
20,9948,81.801,117.879,
21,10472,78.108,114.098,
22,10999,79.804,118.085,
23,11523,78.626,115.667,
muestra,t,M 5A,DUT 30A,
2,526,72.032,115.731,
3,1049,73.838,115.367,
4,1572,73.947,118.468,
5,2095,75.644,119.726,
6,2619,78.236,120.902,
7,3142,76.393,120.096,
8,3665,73.258,119.040,
9,4192,78.696,121.147,
10,4715,77.280,118.741,
11,5238,77.702,119.122,
12,5762,74.515,115.918,
13,6285,75.361,118.167,
14,6808,76.062,118.850,
15,7331,78.459,120.634,
16,7855,74.817,119.646,
17,8379,76.365,118.112,
18,8901,75.892,118.632,
19,9424,75.643,119.610,
20,9948,76.112,118.779,
21,10472,77.192,115.676,
22,10995,77.790,117.783,
23,11518,76.135,118.057,
24,12043,77.860,116.971,
muestra,t,M 5A,DUT 30A,
2,526,80.573,113.043,
3,1048,75.379,119.961,
4,1574,75.997,119.565,
5,2098,72.740,122.021,
6,2620,74.167,119.447,
7,3143,78.117,117.535,
8,3667,74.917,120.934,
9,4191,76.011,114.098,
10,4713,81.630,118.986,
11,5236,75.789,120.741,
12,5760,75.111,116.888,
13,6284,77.576,119.475,
14,6806,79.497,118.194,
15,7329,78.556,115.564,
16,7853,75.870,119.969,
17,8377,75.617,121.223,
18,8900,75.372,116.484,
19,9423,75.671,122.021,
20,9948,78.890,117.385,
21,10470,75.871,118.768,
22,10993,75.665,117.975,
23,11518,73.782,117.577,
24,12044,77.427,118.632,
muestra,t,M 5A,DUT 30A,
2,525,81.021,115.002,
3,1047,78.246,116.234,
4,1571,78.388,114.854,
5,2096,75.666,117.879,
6,2619,77.800,116.873,
7,3141,80.738,118.768,
8,3665,73.648,119.159,
9,4189,78.829,121.116,
10,4712,79.251,119.718,
11,5235,76.763,118.222,
12,5760,78.054,118.179,
13,6282,73.947,118.140,
14,6805,78.971,116.873,
15,7329,75.368,116.888,
16,7853,76.037,118.632,
17,8376,74.636,117.342,
18,8899,79.764,119.772,
19,9423,75.375,121.254,
20,9949,80.277,120.311,
21,10471,77.751,117.177,
22,10994,75.933,115.002,
23,11519,76.246,117.357,
24,12042,76.586,119.529,
muestra,t,M 5A,DUT 30A,
2,527,75.591,118.616,
3,1050,77.861,114.325,
4,1572,76.832,119.231,
5,2096,78.303,115.639,
6,2620,73.806,118.904,
7,3142,81.240,121.436,
8,3665,77.683,117.755,
9,4190,74.358,118.752,
10,4712,74.037,118.249,
11,5235,78.037,118.112,
12,5758,77.277,116.456,
13,6283,81.996,119.726,
14,6805,75.521,121.968,
15,7328,74.750,120.150,
16,7855,75.287,121.041,
17,8379,80.770,118.616,
18,8902,76.030,119.013,
19,9425,77.798,118.550,
20,9950,77.942,116.390,
21,10472,76.737,117.122,
22,10995,78.524,113.757,
23,11518,74.939,117.011,
24,12043,70.244,116.833,
muestra,t,M 5A,DUT 30A,
2,525,75.383,118.823,
3,1048,78.851,116.789,
4,1573,76.427,117.219,
5,2096,78.269,120.714,
6,2618,76.313,115.620,
7,3141,75.770,118.632,
8,3666,77.226,115.918,
9,4188,79.144,118.823,
10,4711,75.877,118.003,
11,5235,76.182,118.996,
12,5761,77.645,116.234,
13,6283,77.070,120.419,
14,6806,77.095,118.550,
15,7330,79.295,116.418,
16,7854,78.623,125.267,
17,8376,79.849,117.590,
18,8900,78.243,119.619,
19,9425,76.386,116.501,
20,9948,76.169,121.623,
21,10470,72.488,116.789,
22,10994,79.140,118.043,
23,11518,76.595,120.553,
muestra,t,M 5A,DUT 30A,
2,526,78.711,114.041,
3,1049,81.210,117.011,
4,1571,75.360,115.423,
5,2096,77.443,117.082,
6,2619,77.874,115.536,
7,3141,77.845,117.480,
8,3665,78.326,119.457,
9,4193,76.200,116.806,
10,4715,78.428,116.983,
11,5238,77.649,118.359,
12,5762,81.126,116.307,
13,6285,79.599,119.231,
14,6808,80.134,116.734,
15,7331,77.425,115.843,
16,7855,81.600,115.387,
17,8379,80.805,116.094,
18,8901,78.552,114.579,
19,9424,74.984,115.955,
20,9948,78.524,117.577,
21,10472,80.433,114.748,
22,10994,76.750,112.728,
23,11517,79.469,114.126,
24,12043,80.011,116.667,
muestra,t,M 5A,DUT 30A,
2,526,75.699,117.687,
3,1050,78.335,115.536,
4,1572,76.338,116.706,
5,2097,80.171,115.227,
6,2622,75.490,118.480,
7,3145,76.268,120.902,
8,3668,75.982,116.956,
9,4192,78.031,116.750,
10,4715,73.772,117.315,
11,5239,79.101,118.534,
12,5762,80.317,118.768,
13,6286,85.204,117.988,
14,6810,73.229,121.409,
15,7333,83.114,117.948,
16,7855,78.874,120.204,
17,8379,76.041,119.699,
18,8903,76.419,116.762,
19,9426,79.990,119.339,
20,9948,79.187,116.429,
21,10473,81.029,116.362,
22,10996,80.770,114.664,
23,11519,78.856,115.703,
24,12046,76.938,116.390,
muestra,t,M 5A,DUT 30A,
2,527,80.142,114.098,
3,1049,75.700,118.604,
4,1572,80.276,116.401,
5,2096,73.812,116.362,
6,2619,83.363,117.453,
7,3142,76.915,119.285,
8,3665,78.132,116.817,
9,4189,76.846,115.443,
10,4712,80.651,120.982,
11,5235,78.732,118.768,
12,5758,75.396,118.441,
13,6282,75.027,118.097,
14,6805,75.437,118.714,
15,7328,77.185,116.762,
16,7851,78.539,119.393,
17,8376,78.693,116.557,
18,8899,78.905,116.706,
19,9421,75.162,120.473,
20,9948,77.412,117.659,
21,10472,80.659,116.262,
22,10994,80.386,117.838,
23,11517,78.449,116.234,
24,12041,76.709,118.179,
muestra,t,M 5A,DUT 30A,
2,526,81.039,117.412,
3,1051,79.013,113.668,
4,1574,78.063,118.795,
5,2096,73.335,116.150,
6,2620,76.836,118.207,
7,3144,75.138,120.848,
8,3666,80.341,113.643,
9,4189,71.767,118.140,
10,4713,75.649,119.592,
11,5237,79.522,120.392,
12,5759,71.301,116.345,
13,6283,76.116,118.207,
14,6808,80.915,115.918,
15,7331,80.467,114.523,
16,7856,79.919,118.249,
17,8380,77.350,119.888,
18,8904,76.880,119.799,
19,9426,84.362,118.577,
20,9950,80.335,121.121,
21,10473,80.505,115.955,
22,10997,79.805,113.415,
23,11520,74.748,115.843,
muestra,t,M 5A,DUT 30A,
2,525,76.922,116.067,
3,1048,78.352,116.484,
4,1572,79.136,117.522,
5,2096,78.816,115.815,
6,2618,76.361,117.480,
7,3141,77.072,120.822,
8,3665,72.636,118.779,
9,4188,78.742,118.222,
10,4711,76.807,115.395,
11,5233,73.411,118.030,
12,5758,80.458,116.113,
13,6284,75.342,117.122,
14,6806,79.007,117.838,
15,7330,76.657,116.057,
16,7854,76.909,120.015,
17,8376,74.885,120.580,
18,8899,75.480,118.577,
19,9423,74.839,115.806,
20,9947,79.882,118.959,
21,10470,78.948,115.731,
22,10992,75.556,116.429,
23,11516,80.068,115.499,
24,12040,76.025,120.042,
muestra,t,M 5A,DUT 30A,
2,526,80.517,118.507,
3,1050,76.952,114.438,
4,1572,77.399,120.580,
5,2095,75.020,120.123,
6,2618,76.785,116.750,
7,3142,73.763,117.728,
8,3664,80.454,117.920,
9,4189,77.639,118.959,
10,4714,74.489,119.484,
11,5237,76.290,118.441,
12,5760,78.125,117.618,
13,6284,79.070,118.643,
14,6807,77.743,119.285,
15,7330,78.937,116.956,
16,7853,80.008,116.873,
17,8377,77.694,117.577,
18,8900,73.846,115.759,
19,9423,79.142,116.289,
20,9946,75.807,119.122,
21,10470,76.116,119.267,
22,10993,75.671,120.902,
23,11516,76.222,120.768,
24,12039,74.888,114.296,
muestra,t,M 5A,DUT 30A,
2,526,78.376,113.956,
3,1049,75.390,119.393,
4,1571,74.861,120.419,
5,2098,73.794,118.833,
6,2621,74.209,117.893,
7,3144,75.152,119.393,
8,3667,76.361,117.920,
9,4192,73.827,128.694,
10,4715,74.189,122.021,
11,5238,76.802,119.529,
12,5762,75.148,119.321,
13,6285,76.834,122.709,
14,6808,75.937,119.583,
15,7331,73.129,153.800,
16,7855,75.400,119.565,
17,8379,75.300,119.826,
18,8901,76.129,119.393,
19,9424,76.713,119.610,
20,9948,75.690,119.159,
21,10472,74.712,116.456,

